
1.726680043 0.000000000 0.000000000 1.000000000 0.000000000 0.000000000 0.000000000 0.000000000 0.000000000 0.000000000 0.000000000 1.295010032 0.647505016 0.000000000 -1.125000000 -0.562500000 -0.000000000 0.260615742 0.130307871 
1.941967087 0.000000000 0.666666667 1.333333333 0.000000000 -0.000000000 0.000000000 0.000000000 0.000000000 0.000000000 0.000000000 0.910297072 -0.910297072 0.000000000 -0.703125000 0.703125000 -0.000000000 0.144827377 -0.144827377 
2.145548974 0.000000000 1.333333333 0.666666667 0.000000000 0.000000000 -0.000000000 -0.000000000 -0.000000000 -0.000000000 0.000000000 -0.202495184 1.147472711 0.000000000 0.141568792 -0.802223154 -0.000000000 -0.026393020 0.149560446 
1.941967087 0.000000000 1.133333333 1.800000000 0.000000000 -0.000000000 -0.000000000 0.000000000 0.000000000 0.000000000 0.000000000 0.910297072 0.910297072 0.000000000 -0.703125000 -0.703125000 -0.000000000 0.144827377 0.144827377 
1.788854382 0.000000000 1.800000000 2.466666667 0.000000000 -0.000000000 0.000000000 0.000000000 0.000000000 0.000000000 0.000000000 -1.397542486 0.000000000 -0.000000000 1.171875000 -0.000000000 -0.000000000 -0.262039216 -0.000000000 
1.726680043 0.000000000 1.000000000 2.466666667 0.000000000 -0.000000000 0.000000000 0.000000000 0.000000000 0.000000000 0.000000000 -0.647505016 1.295010032 0.000000000 0.562500000 -1.125000000 -0.000000000 -0.130307871 0.260615742 
1.668556782 0.000000000 0.666666667 3.133333333 0.000000000 0.000000000 0.000000000 0.000000000 0.000000000 0.000000000 0.000000000 -0.430533573 -1.435111911 0.000000000 0.387041284 1.290137615 -0.000000000 -0.092784684 -0.309282280 
1.712697677 0.000000000 0.466666667 2.466666667 0.000000000 -0.000000000 0.000000000 0.000000000 0.000000000 0.000000000 0.000000000 -1.459685520 0.000000000 0.000000000 1.278409091 0.000000000 -0.000000000 -0.298572038 -0.000000000 
1.847971751 0.000000000 -0.266666667 2.466666667 0.000000000 -0.000000000 0.000000000 0.000000000 0.000000000 0.000000000 0.000000000 0.845109033 -1.056386291 -0.000000000 -0.685975610 0.857469512 -0.000000000 0.148481839 -0.185602299 
1.836599077 0.000000000 0.266666667 1.800000000 0.000000000 -0.000000000 -0.000000000 0.000000000 0.000000000 0.000000000 0.000000000 -0.430452909 -1.291358726 -0.000000000 0.351562500 1.054687500 -0.000000000 -0.076568153 -0.229704460 